0.2 634 1281 1899 2515 3153 3800 4409 5032 5683 6311
0.25 684 1386 2059 2731 3394 4079 4750 5434 6116 6765
0.3 748 1471 2211 2949 3671 4427 5143 5837 6623 7377
0.35 815 1629 2401 3211 4029 4847 5614 6417 7245 8023
0.4 934 1800 2662 3601 4452 5381 6260 7129 8019 8991
0.45 1022 2015 2992 4022 4966 5999 7032 7995 9020 9970
0.5 1139 2245 3461 4528 5665 6857 8017 9176 10303 11389
0.55 1325 2684 3956 5329 6622 8053 9339 10673 12089 13333
0.6 1583 3210 4644 6446 7935 9734 11263 12856 14285 15927
0.65 2013 3866 5973 7952 9907 11741 13652 15725 17823 19551
0.7 2586 5067 7608 10139 12683 15193 17717 20473 22885 25609
0.75 3417 6891 10414 13674 17196 20516 24045 27358 30914 34454
0.8 5074 10187 15291 20776 25834 30639 35703 41367 46349 50343
0.85 8390 17211 25768 34972 43286 51271 59599 68525 76828 86199
